D00 1.1,7.8 4.2,4.1 5.0,1.5 5.4,7.0 7.4,6.0 2.3,7.0
D01 7.5,5.5 4.7,3.0 6.2,4.1 5.5,2.5 0.9,2.6 3.2,8.9 3.1,4.6
D02 9.9,9.0 4.8,2.4 2.5,3.7
D03 2.9,1.0 6.1,2.1 5.6,0.3 2.0,5.4 5.1,2.4 8.4,2.2 8.0,3.8 8.6,0.6
D04 6.7,0.9 7.9,5.2 8.5,9.8 7.4,7.6
D05 9.1,1.4 9.9,9.5 8.9,1.7 0.1,8.7 6.7,1.1 2.6,9.7 8.8,3.0 7.2,7.7
D06 3.1,4.6 4.1,9.1 6.5,7.8 3.1,6.0
D07 4.9,3.1 1.1,0.9 1.4,9.1 5.6,9.5 7.6,1.4 1.8,7.4 0.7,7.6 1.0,2.6
D08 5.6,5.6 8.7,0.2 1.5,4.1 1.1,7.7 7.2,3.4 5.4,4.8 5.6,6.2 7.7,2.6
D09 9.1,0.3 9.1,10.0 7.9,3.4 8.0,6.8 1.0,2.4 1.6,7.5
D10 0.1,5.2 7.4,9.7 0.8,5.2 2.0,7.2 5.4,7.7 4.2,7.5
D11 0.7,6.8 0.1,7.9 5.2,3.6 2.1,8.2 7.0,4.7 7.6,8.8 7.0,6.5 9.3,4.0
D12 8.2,4.6 6.1,4.2 2.2,9.1 1.8,2.0 2.2,1.0 5.7,5.5 5.0,5.3 7.3,5.7
D13 9.7,4.8 2.7,3.0 7.8,0.9 2.0,1.1 8.3,7.4 8.2,7.5 5.3,9.4 0.6,0.5
D14 5.8,5.0 9.5,3.1 2.3,6.0 5.2,8.7 6.8,1.5 2.3,7.3
D15 2.1,1.7 8.5,7.0 3.9,4.7 9.1,8.2 8.8,9.8 3.9,4.6 1.3,5.8
D16 7.1,6.2 7.3,5.9 1.9,7.6 8.7,1.7
D17 9.8,9.8 5.3,5.7 8.1,2.1 2.6,3.7 9.6,6.8 1.1,4.7
D18 5.5,6.0 8.5,4.8 6.9,6.7 8.4,1.4
D19 3.1,9.5 9.3,4.2 2.2,4.8
D20 6.8,1.1 4.8,0.1 2.0,1.6 5.6,2.5
D21 9.4,7.7 8.6,6.4 8.5,6.7 6.5,7.6 2.4,2.6 7.0,2.0
D22 9.4,7.8 7.7,3.2 0.2,5.0
D23 4.6,9.3 1.5,1.2 5.9,4.2 5.6,3.0 9.0,1.7 8.5,3.1 8.9,7.9
D24 9.7,0.9 5.4,3.4 8.2,6.8 4.2,9.7 6.7,5.9 9.7,1.8 7.4,6.1
D25 5.7,8.9 2.5,1.9 2.5,5.8 5.8,7.8
D26 0.3,3.6 2.1,8.1 5.2,7.6
D27 1.9,8.9 3.6,7.7 4.3,6.7
D28 5.2,4.2 4.3,5.9 3.1,7.9 0.0,5.0 8.7,5.5 6.0,2.1
D29 0.3,9.9 7.1,0.4 4.4,0.5 6.0,1.2
D30 0.3,0.8 8.5,8.0 9.6,2.2 9.7,9.3 1.3,0.0
D31 2.5,4.5 2.2,0.9 2.3,4.7 7.9,7.4 6.2,9.4 6.4,1.1 9.2,0.5 5.7,7.5
D32 2.7,8.8 1.0,2.3 9.6,9.8 9.5,1.0 2.0,5.3 5.7,0.1
D33 5.5,9.2 8.5,1.0 0.2,4.2 3.9,2.1 2.5,7.0 7.9,8.7 0.5,3.7 1.7,4.4
D34 5.9,4.1 2.6,9.4 6.5,9.3
D35 6.3,9.9 4.5,2.1 9.8,8.4 1.9,9.1 3.7,6.6 5.7,1.9
D36 8.6,8.9 4.4,1.5 5.8,9.1 5.8,6.5 8.9,3.6 8.9,5.2
D37 5.9,4.9 7.8,6.7 9.9,9.2
D38 1.4,9.9 2.6,7.5 6.0,0.2 3.0,2.4 8.2,1.4
D39 9.5,0.5 4.7,7.3 1.3,7.5 9.2,8.3 5.1,4.9 1.0,3.5
D40 7.8,8.5 5.2,5.0 4.0,7.8 0.5,5.5 3.2,9.2 8.7,2.4 4.6,3.9
D41 4.9,7.8 5.2,1.9 6.8,6.8 7.9,7.0 4.5,3.2
D42 6.6,8.1 9.3,6.0 6.1,5.0 3.1,6.6 6.4,7.7
D43 6.5,2.2 10.0,9.6 0.3,1.9 7.1,8.0 9.7,6.1 9.7,3.6 3.5,0.6
D44 2.8,9.4 6.0,8.4 3.8,1.2 5.4,7.3
D45 7.0,4.0 7.4,6.4 3.3,6.8 9.1,7.1 5.0,8.5 1.8,2.9
D46 8.4,3.8 0.1,1.7 2.4,6.9
D47 6.7,8.6 5.6,7.6 7.6,6.6 3.6,5.7 5.2,6.2 5.9,0.0 2.9,2.2
D48 2.2,4.3 5.5,5.4 1.9,5.5 2.5,4.3
D49 1.8,9.6 0.8,6.2 1.9,4.6 6.3,1.4 3.8,9.7 10.0,7.8 9.2,4.2 5.7,6.6
D50 4.8,8.3 2.3,5.0 9.0,7.2 9.0,5.3 6.0,5.1 8.1,9.4 1.7,6.1 3.0,3.8
D51 4.9,9.7 1.6,7.4 7.2,2.5 1.8,1.3 0.9,6.0 9.3,1.8 5.8,7.3 7.9,2.1
D52 7.3,3.5 1.1,9.6 0.7,0.6 4.6,1.1 9.7,2.3 3.5,1.3 5.6,2.2
D53 2.2,7.9 3.8,6.6 3.6,1.7
D54 4.1,4.6 6.6,3.1 5.7,3.7 0.0,7.3 2.1,0.4 5.8,3.1 1.5,6.5
D55 3.6,3.7 2.9,9.5 0.2,2.7 8.0,7.7 9.4,2.4 8.3,1.4 4.6,5.5
D56 6.6,0.6 0.7,0.4 4.3,5.3 4.8,2.7 0.9,0.3 3.1,8.6 6.4,3.1 6.2,2.1
D57 5.4,8.3 1.8,5.0 5.8,0.4 5.6,4.0
D58 3.7,0.1 6.5,9.4 1.7,8.3 5.3,6.6
D59 5.9,9.6 7.3,7.8 1.8,0.0 4.8,6.1 1.4,0.9 9.2,9.1 3.2,3.3
D60 8.2,5.0 7.1,1.6 2.5,4.5
D61 6.3,9.6 9.6,0.7 8.9,9.2 10.0,0.1 1.3,8.7 6.2,2.2
D62 9.8,0.2 2.2,5.2 3.9,6.0 2.8,4.0 1.7,9.5
D63 10.0,6.3 7.2,0.5 7.6,4.5 2.8,9.2 2.6,5.0 1.4,4.4 7.2,2.0
D64 1.9,4.8 8.0,6.6 9.2,4.3 3.5,7.5 8.1,4.8 2.8,3.3 9.4,7.4
D65 5.7,9.6 7.2,4.7 1.8,3.5 6.6,7.3 3.5,7.6
D66 9.5,8.8 2.5,5.1 3.4,8.8 0.4,6.9
D67 6.4,8.1 3.7,7.7 5.7,7.2 3.2,5.1 4.3,2.8
D68 6.0,8.6 2.9,4.4 2.6,5.1 7.4,2.2 5.1,0.4 5.6,0.5 4.5,6.1
D69 9.9,1.0 0.1,7.1 7.8,0.4 9.4,5.9
D70 7.6,3.1 6.2,1.1 0.7,7.8 3.4,9.4 7.7,5.1 5.0,8.4 7.3,7.0 5.7,1.0
D71 0.2,3.3 7.3,3.6 0.3,7.8 9.3,5.5 1.5,5.0 0.9,3.1
D72 1.3,5.9 9.5,4.7 8.5,4.8
D73 3.5,7.7 7.5,8.9 0.4,7.1 1.0,6.5 8.6,9.9 4.1,5.2 5.1,9.6
D74 5.1,6.5 3.7,6.9 8.3,7.4 8.6,1.5 5.7,0.1 4.6,3.6 1.3,4.2
D75 0.6,3.5 1.4,8.6 6.3,4.3 3.0,5.0 3.8,8.7 2.4,7.3 6.3,1.6 2.6,5.9
D76 5.4,9.0 8.7,7.3 5.9,8.8
D77 9.3,5.2 2.2,8.5 8.6,6.8
D78 1.3,8.5 2.5,8.4 6.3,4.9 4.8,9.5 8.6,8.2
D79 2.2,6.7 8.4,1.6 7.9,0.9 7.8,8.5 9.4,6.3 9.0,6.3
D80 5.1,3.5 4.0,4.9 7.1,5.5 1.0,1.9 6.4,7.4 7.1,2.9
D81 8.6,1.5 7.7,5.2 4.1,3.2
D82 0.4,9.6 4.2,8.2 4.8,5.3
D83 3.0,1.3 1.5,9.1 9.2,8.7 3.0,6.0 4.0,6.0
D84 6.3,9.7 8.0,3.5 2.7,0.3 4.0,1.6 8.2,8.5 5.6,7.3 3.4,1.8 7.7,3.2
D85 3.9,1.7 9.6,0.2 7.7,1.4 3.6,1.4
D86 8.6,9.4 3.3,8.3 5.3,7.9 0.1,0.2 6.7,9.3 1.1,0.7 7.1,9.7
D87 3.9,9.1 8.6,9.0 6.3,4.7 9.2,0.3
D88 1.0,5.6 0.8,5.4 1.0,4.3 1.6,2.9
D89 7.1,4.0 8.0,9.7 1.1,3.5 4.0,2.1 6.4,0.2 9.1,9.0 0.9,8.3
D90 0.3,3.4 3.9,7.7 7.7,3.6 3.7,7.3 0.2,2.1 4.1,1.3 5.2,6.4
D91 5.2,2.4 0.6,9.7 3.5,3.7 0.7,7.3 9.3,9.1 1.3,6.9
D92 6.8,0.1 5.0,5.4 1.4,4.2 4.5,2.0
D93 4.7,1.3 9.5,0.9 2.6,1.1 3.7,6.9
D94 3.6,9.2 1.9,1.4 7.9,6.0 2.8,2.4 4.2,1.9
D95 9.3,0.9 0.9,7.0 5.9,7.8
D96 5.4,5.6 8.0,9.9 8.0,8.0
D97 8.2,4.3 1.2,4.8 5.3,2.4 4.4,8.9
D98 2.6,6.2 4.7,5.0 7.7,8.7 3.4,9.7 2.1,5.6 7.2,5.6 0.7,4.3
D99 5.6,1.8 6.3,3.4 2.8,8.2 1.9,7.9 7.8,9.8 0.2,9.7 5.1,5.1 5.4,4.3